chromosome1	x1	x2	chromosome2	y1	y2	color	APScoreAvg	ProbabilityofEnrichment	RegAPScoreAvg	Avg_diffMaxNeihgboor_1	Avg_diffMaxNeihgboor_2	avg	std	value
chrIII	7600000	7610000	chrIII	9310000	9320000	0,0,0	2.2618363	0.9301877	1.6606033	0.5422944	0.834575	2.180182	0.23663746	2.6622214
chrIII	12790000	12800000	chrIII	13590000	13600000	0,0,0	2.9231517	0.96884453	1.4755623	1.4801736	1.944232	2.1534152	0.6289864	3.4691253
chrIII	13690000	13700000	chrIII	13760000	13770000	0,0,0	3.9513686	1.0	3.0809672	0.44829458	0.5262878	1.7818398	0.19186851	2.1803238
chrIII	1360000	1370000	chrIII	2050000	2060000	0,0,0	2.1958811	0.93770957	1.572219	0.498322	0.98285604	2.3332825	0.39948785	2.7762353
chrIII	1300000	1310000	chrIII	1650000	1660000	0,0,0	2.0906107	0.9146744	1.4390074	0.5708146	0.9133644	1.9541452	0.2630627	2.4615357
chrIII	450000	460000	chrIII	920000	930000	0,0,0	2.0266733	0.9485324	1.3224643	0.9084681	1.1566772	2.159583	0.38685027	2.9671104
chrIII	12300000	12310000	chrIII	13590000	13600000	0,0,0	2.0417044	0.92347205	1.3498862	0.59448224	1.063621	2.041937	0.3640782	2.570366
chrIII	5350000	5360000	chrIII	6510000	6520000	0,0,0	2.816087	0.96046805	1.4745097	1.4237058	1.6931965	1.9654642	0.75852084	3.2309809
chrIII	13040000	13050000	chrIII	13590000	13600000	0,0,0	2.1295397	0.93791115	1.3156391	0.933065	1.1933175	1.9500861	0.48990306	2.7794774
chrIII	12770000	12780000	chrIII	13490000	13500000	0,0,0	2.2931123	0.9104442	1.5906382	0.5331994	0.8884695	1.9391891	0.32036185	2.4131439
chrIII	5750000	5760000	chrIII	6690000	6700000	0,0,0	2.138403	1.0	1.4549007	0.57162374	0.70774436	1.48129	0.312435	1.9893999
chrIII	12090000	12100000	chrIII	12780000	12790000	0,0,0	2.431451	0.9224014	1.5190357	0.91603875	1.0409335	1.7422149	0.41031426	2.5564716
chrIII	6040000	6050000	chrIII	6760000	6770000	0,0,0	2.1543481	1.0	1.5115006	0.49071866	0.6464029	1.4764625	0.18327722	1.9126568
chrIII	6770000	6780000	chrIII	7600000	7610000	0,0,0	2.4500499	1.0	1.5458964	0.68148553	1.0324191	1.7756457	0.3669907	2.3814106
chrIII	13060000	13070000	chrIII	13710000	13720000	0,0,0	5.5570602	1.0	2.4665282	1.832485	2.246994	2.0113096	0.65062803	3.640185
chrII	12830000	12840000	chrII	13990000	14000000	0,0,0	2.2958689	0.90934545	1.4181198	0.74472916	1.0618895	1.7389663	0.31092402	2.4009478
chrII	1610000	1620000	chrII	2600000	2610000	0,0,0	1.899982	0.90076417	1.2673155	0.6161887	0.89403313	1.7627723	0.23633566	2.3104956
chrII	700000	710000	chrII	2220000	2230000	0,0,0	2.222111	0.9419005	1.3033657	1.2041562	1.2364404	1.775532	0.72404176	2.845893
chrII	9460000	9470000	chrII	9850000	9860000	0,0,0	2.1865268	1.0	1.5670828	0.4232163	0.6684529	1.6119405	0.23629369	1.9881328
chrII	1120000	1130000	chrII	1490000	1500000	0,0,0	2.6127794	1.0	1.4732339	0.9365113	1.3017249	1.7648298	0.458883	2.597284
chrII	8290000	8300000	chrII	9450000	9460000	0,0,0	2.860012	0.95625156	1.4256704	1.2528251	1.8260192	2.0160017	0.5160732	3.129624
chrII	2450000	2460000	chrII	3070000	3080000	0,0,0	2.1830757	1.0	1.3609208	0.80194956	0.87758327	1.4599352	0.37542143	2.1727793
chrII	1320000	1330000	chrII	2230000	2240000	0,0,0	2.7165246	1.0	1.6711295	0.96646225	1.0918301	1.7603753	0.52479625	2.6194527
chrII	10550000	10560000	chrII	11630000	11640000	0,0,0	3.042638	0.9532635	1.4473336	1.5030931	1.758247	1.7274646	0.6279208	3.0635476
chrII	14400000	14410000	chrII	14800000	14810000	0,0,0	2.075458	0.90880924	1.2981682	0.6691887	1.0669398	1.8002156	0.33208925	2.39505
chrII	2970000	2980000	chrII	3950000	3960000	0,0,0	4.118799	1.0	1.7944396	1.8044609	2.0600736	1.7555522	0.63386977	3.3595173
chrII	10550000	10560000	chrII	11750000	11760000	0,0,0	2.994556	0.9601342	1.5761546	0.9529849	1.9085122	2.3754735	0.47134766	3.2225711
chrII	12390000	12400000	chrII	12840000	12850000	0,0,0	2.105325	1.0	1.5173578	0.45044637	0.63848644	1.5789135	0.2346738	1.9793103
chrII	14240000	14250000	chrII	15200000	15210000	0,0,0	3.5802581	1.0	2.3696392	0.5438515	1.0512471	2.0209744	0.3474143	2.504398
chrII	1850000	1860000	chrII	2370000	2380000	0,0,0	3.0109937	1.0	1.9520863	0.7132694	0.978083	1.7949475	0.36561942	2.4289649
chrII	1920000	1930000	chrII	3340000	3350000	0,0,0	2.296822	0.94003874	1.4361256	0.9229012	1.1864101	1.9939921	0.39296728	2.8143487
chrII	1700000	1710000	chrII	3850000	3860000	0,0,0	2.2533755	0.95266235	1.6736255	0.6266705	0.91307575	2.4937258	0.40211585	3.0507662
chrII	2210000	2220000	chrII	3510000	3520000	0,0,0	1.9231585	0.9126762	1.2803327	0.76931906	0.8888452	1.7545458	0.29432896	2.438385
chrII	1200000	1210000	chrII	2230000	2240000	0,0,0	3.3587158	0.96948075	1.6245389	1.7335762	1.9485824	1.948803	0.6534298	3.4897594
chrII	6010000	6020000	chrII	7440000	7450000	0,0,0	2.024733	0.9109153	1.3325033	0.75470376	0.91456336	1.7475709	0.39288995	2.4184186
chrII	2230000	2240000	chrII	2910000	2920000	0,0,0	2.6776795	1.0	1.3512809	1.2228609	1.3642062	1.4655471	0.42278314	2.5525346
chrII	3170000	3180000	chrII	3770000	3780000	0,0,0	2.2634552	1.0	1.5284988	0.6443392	0.7512249	1.542932	0.30118716	2.115678
chrII	1230000	1240000	chrII	2980000	2990000	0,0,0	2.6199021	0.9700481	1.4290544	0.8064763	2.0885794	2.7916603	0.6811535	3.5085282
chrII	5150000	5160000	chrII	6010000	6020000	0,0,0	2.2000904	1.0	1.4857893	0.5526012	0.77849996	1.5880618	0.25384957	2.079263
chrII	1120000	1130000	chrII	1320000	1330000	0,0,0	2.5631223	1.0	1.7170432	0.57570076	0.9085046	1.8077878	0.34428516	2.3195217
chrII	9530000	9540000	chrII	10330000	10340000	0,0,0	2.440794	0.9163377	1.4421172	0.8761043	1.1482282	1.702465	0.49301618	2.4812245
chrII	6650000	6660000	chrII	8290000	8300000	0,0,0	2.1794806	0.92777467	1.3518226	0.66300035	1.227989	2.038903	0.4132225	2.6282365
chrII	8370000	8380000	chrII	9450000	9460000	0,0,0	2.1474285	0.9098837	1.5468357	0.614017	0.7448086	1.8611112	0.27788335	2.4069037
chrIV	4180000	4190000	chrIV	4390000	4400000	0,0,0	2.8219905	1.0	1.4164383	1.0895579	1.5911946	1.776138	0.440947	2.744634
chrIV	16220000	16230000	chrIV	16590000	16600000	0,0,0	2.0400205	1.0	1.5069917	0.45793003	0.5875589	1.5929639	0.2674083	2.0000129
chrIV	16410000	16420000	chrIV	16490000	16500000	0,0,0	2.231651	0.90516526	1.3858013	0.70728815	1.0415581	1.7271632	0.25366476	2.3558636
chrIV	13920000	13930000	chrIV	15070000	15080000	0,0,0	2.486505	0.92903644	1.4717065	0.90055585	1.2369661	1.8453693	0.4326679	2.6458633
chrIV	11240000	11250000	chrIV	12910000	12920000	0,0,0	1.8252325	0.9135432	1.306796	0.5392492	0.8169848	1.9690318	0.3334817	2.4483645
chrIV	4180000	4190000	chrIV	4720000	4730000	0,0,0	3.0419843	1.0	1.4621013	1.3462163	1.7151915	1.7464348	0.56684214	2.9430716
chrIV	16490000	16500000	chrIV	17270000	17280000	0,0,0	2.798787	0.96314234	1.3334223	1.254004	2.073508	2.186363	0.62163454	3.3010333
chrIV	5000000	5010000	chrIV	5430000	5440000	0,0,0	2.1727257	1.0	1.533294	0.54669416	0.65533936	1.533624	0.262851	2.0195744
chrIV	2820000	2830000	chrIV	3200000	3210000	0,0,0	2.2176895	1.0	1.4657801	0.61672735	0.7917632	1.5284224	0.3564812	2.0766244
chrIV	3180000	3190000	chrIV	3450000	3460000	0,0,0	2.1726038	1.0	1.3942195	0.629318	0.8627589	1.543886	0.3468808	2.1032798
chrIV	13390000	13400000	chrIV	14070000	14080000	0,0,0	2.8309202	1.0	1.6811773	0.689405	0.98421013	1.4813237	0.2556895	2.0941281
chrIV	14790000	14800000	chrIV	17270000	17280000	0,0,0	3.1439915	0.98586917	1.5797474	1.8408823	2.3911467	2.623498	0.77695495	4.2598376
chrIV	3430000	3440000	chrIV	3930000	3940000	0,0,0	1.8538638	0.9033341	1.4013923	0.40351778	0.689375	1.978054	0.19115381	2.3367364
chrIV	11810000	11820000	chrIV	13020000	13030000	0,0,0	2.275063	0.9051119	1.4823033	0.6306957	0.9670258	1.7946829	0.22480817	2.3553011
chrIV	16170000	16180000	chrIV	17470000	17480000	0,0,0	4.17569	1.0	2.434982	0.73258233	1.6044356	2.3743963	0.34820628	3.025581
chrIV	14790000	14800000	chrIV	15030000	15040000	0,0,0	2.2629614	0.9121807	1.365407	0.82404214	1.0956165	1.7002447	0.36063758	2.4327264
chrIV	15520000	15530000	chrIV	16840000	16850000	0,0,0	2.6508439	0.95182306	1.536705	1.115578	1.4341438	2.0415647	0.6522912	3.0331895
chrIV	16850000	16860000	chrIV	17100000	17110000	0,0,0	2.0320969	0.9003596	1.439798	0.4142285	0.84328943	1.9382235	0.27376243	2.3064265
chrIV	16410000	16420000	chrIV	16840000	16850000	0,0,0	2.6361344	0.9342631	1.3753493	1.3490134	1.3599191	1.5232542	0.5552692	2.7223773
chrIV	9580000	9590000	chrIV	10030000	10040000	0,0,0	2.0681217	1.0	1.3788635	0.48986614	0.7513643	1.4777758	0.22303273	1.9132124
chrIV	13610000	13620000	chrIV	15150000	15160000	0,0,0	2.7819297	0.9537871	1.5056888	1.3353448	1.5363983	1.8878416	0.6383335	3.0748148
chrIV	11080000	11090000	chrIV	12030000	12040000	0,0,0	2.3908887	0.91703415	1.4092921	0.973928	1.1100935	1.623871	0.44560674	2.4895847
chrIV	2820000	2830000	chrIV	3950000	3960000	0,0,0	3.0024223	1.0	1.8232182	0.94014823	1.2092406	1.9008092	0.4031979	2.7364964
chrIV	10350000	10360000	chrIV	10950000	10960000	0,0,0	6.229573	1.0	1.9321847	3.6205223	3.8799434	2.0608778	1.575076	5.27912
chrIV	12890000	12900000	chrIV	13620000	13630000	0,0,0	2.611508	1.0	1.7485926	0.7272035	0.8091318	1.6250441	0.24314892	2.2714472
chrIV	5440000	5450000	chrIV	6270000	6280000	0,0,0	2.009806	0.9127561	1.4413446	0.62748015	0.76429296	1.8815398	0.24241991	2.4393
chrIV	4390000	4400000	chrIV	4720000	4730000	0,0,0	2.8488479	1.0	1.5827994	1.1808313	1.3234402	1.7065555	0.49745372	2.7561834
chrIV	3310000	3320000	chrIV	4720000	4730000	0,0,0	5.303542	0.9981649	1.735164	4.3500705	4.4495077	2.4345841	1.4707291	6.3013134
chrIV	15750000	15760000	chrIV	17030000	17040000	0,0,0	2.2636092	0.925295	1.4125706	0.7556806	1.1462742	1.9227608	0.5415687	2.594477
chrIV	3180000	3190000	chrIV	3920000	3930000	0,0,0	2.5815625	0.93042564	1.49176	0.7202587	1.3981423	2.0254061	0.3971191	2.665636
chrX	16200000	16210000	chrX	17180000	17190000	0,0,0	2.5564458	0.9471015	1.380607	1.2755872	1.4748778	1.8058292	0.44048163	2.9396844
chrX	14520000	14530000	chrX	14810000	14820000	0,0,0	2.7653735	0.9506809	1.5537009	1.2310184	1.4450388	1.915517	0.45563322	3.0097556
chrX	16050000	16060000	chrX	17540000	17550000	0,0,0	3.5496407	0.9926969	1.4277896	2.7920775	3.1992478	2.438119	1.0572062	4.9199657
chrX	3110000	3120000	chrX	4140000	4150000	0,0,0	2.4253254	0.93091846	1.4729036	0.6346966	1.3226253	2.10857	0.2901686	2.672745
chrX	16050000	16060000	chrX	16200000	16210000	0,0,0	5.3255916	0.9964671	1.8679897	3.3204591	4.0675435	2.6947124	1.2222441	5.646231
chrX	11090000	11100000	chrX	11930000	11940000	0,0,0	6.041595	1.0	2.0962908	3.1704898	3.9311612	2.588176	1.1766878	5.406389
chrX	410000	420000	chrX	800000	810000	0,0,0	2.8962502	0.99094963	1.5698451	1.936291	2.398987	2.9842916	0.8976258	4.705439
chrX	2360000	2370000	chrX	2990000	3000000	0,0,0	3.243635	0.9737176	1.4947245	1.7932396	2.169332	2.0452414	0.5999718	3.6392322
chrX	8030000	8040000	chrX	9460000	9470000	0,0,0	4.9839625	1.0	1.9795985	2.7786872	3.1363428	2.334981	1.0480769	4.8049254
chrX	9460000	9470000	chrX	11930000	11940000	0,0,0	3.8033774	0.98013395	1.5724294	2.0328593	2.5755339	2.1121645	0.8553296	3.9191504
chrX	8030000	8040000	chrX	11090000	11100000	0,0,0	4.6940565	0.9911685	1.7359602	2.8041883	3.2552428	2.2373064	1.0168297	4.7299185
chrX	1900000	1910000	chrX	2990000	3000000	0,0,0	4.642298	1.0	2.1955519	1.9847139	2.6592333	2.6699162	0.82996845	4.4341063
chrX	800000	810000	chrX	1340000	1350000	0,0,0	4.2794914	0.9948907	1.8229885	2.8977532	3.2842913	2.7014587	1.0301193	5.2772393
chrX	1380000	1390000	chrX	1880000	1890000	0,0,0	2.9612134	0.9566294	1.8560085	1.1385884	1.2608585	2.1262202	0.4695852	3.1382992
chrX	16200000	16210000	chrX	17540000	17550000	0,0,0	3.5902357	0.9940799	1.5360994	2.5211496	3.3254664	2.8889108	0.9705578	5.129933
chrX	15740000	15750000	chrX	16200000	16210000	0,0,0	2.4043922	1.0	1.4341664	0.7391925	1.0854492	1.6506917	0.39080298	2.3077517
chrX	13440000	13450000	chrX	13700000	13710000	0,0,0	2.458744	0.9202237	1.5617092	0.68382573	1.0996351	1.9209461	0.3616657	2.5287912
chrX	11930000	11940000	chrX	13510000	13520000	0,0,0	3.6555383	0.983543	1.4156833	2.234302	2.8152578	2.1213825	0.81704926	4.107429
chrX	4200000	4210000	chrX	4390000	4400000	0,0,0	3.9875565	1.0	1.9555984	1.668673	2.270661	2.416454	0.66947615	3.8997192
chrX	7180000	7190000	chrX	8030000	8040000	0,0,0	3.321481	0.96812695	1.4973701	1.6624066	2.1261222	1.9686571	0.68154365	3.4463518
chrX	4200000	4210000	chrX	5420000	5430000	0,0,0	3.2759614	0.96368325	1.57964	1.5197845	1.9228582	1.9648999	0.68448466	3.3158193
chrX	11930000	11940000	chrX	12360000	12370000	0,0,0	4.1613693	0.9914372	1.8476363	2.09827	3.0868492	2.895693	0.9143468	4.760822
chrX	17510000	17520000	chrX	17630000	17640000	0,0,0	3.224737	1.0	1.8859241	0.94431937	1.1787473	1.705542	0.425682	2.544937
chrX	16680000	16690000	chrX	17180000	17190000	0,0,0	3.7046015	0.9853484	1.6587923	2.1891773	2.5498514	2.2777073	0.7849348	4.223643
chrX	13510000	13520000	chrX	13700000	13710000	0,0,0	3.642606	0.9764773	1.7428482	1.5690122	2.2715282	2.3555033	0.75059205	3.7501805
chrX	17260000	17270000	chrX	17690000	17700000	0,0,0	3.9054601	1.0	2.3067105	1.1924201	1.526799	2.2591953	0.43454126	3.3191245
chrX	14520000	14530000	chrX	16210000	16220000	0,0,0	3.5697083	0.97353977	1.6296277	1.459221	2.3550785	2.335404	0.7145874	3.632489
chrX	9460000	9470000	chrX	11090000	11100000	0,0,0	6.1945124	0.999331	1.9476503	4.619961	5.521172	3.2038274	1.5607911	7.3104587
chrX	3830000	3840000	chrX	4140000	4150000	0,0,0	2.4445095	1.0	1.5085866	0.51897424	0.94692767	1.5553293	0.30288914	2.0166397
chrX	6290000	6300000	chrX	7180000	7190000	0,0,0	3.08194	0.95467186	1.608038	1.1753392	1.7244245	2.0494015	0.609583	3.0941477
chrX	1620000	1630000	chrX	1900000	1910000	0,0,0	3.1109378	0.97868115	1.734902	1.4810603	1.9193189	2.5320654	0.5939677	3.8485632
chrX	320000	330000	chrX	590000	600000	0,0,0	2.1729267	0.9376332	1.4520619	0.78894824	1.0439706	2.0737228	0.33442077	2.77501
chrX	17090000	17100000	chrX	17690000	17700000	0,0,0	3.2659612	1.0	2.5203428	0.62018216	0.7692217	2.474399	0.34027687	3.025672
chrX	2990000	3000000	chrX	4200000	4210000	0,0,0	4.5582423	1.0	1.6599135	2.810869	3.0999258	2.0362616	1.0444156	4.534812
chrX	12360000	12370000	chrX	13690000	13700000	0,0,0	2.5060232	0.93164283	1.4542162	0.9960877	1.261654	1.7978759	0.4772496	2.6832871
chrX	12360000	12370000	chrX	13510000	13520000	0,0,0	3.4945486	0.9804526	1.4011205	2.1728344	2.5971384	2.0039134	0.7644017	3.935322
chrX	13700000	13710000	chrX	14520000	14530000	0,0,0	3.669154	1.0	1.7637953	1.6146429	2.1417444	2.199337	0.66795474	3.6345754
chrX	1380000	1390000	chrX	1620000	1630000	0,0,0	3.6834311	0.97873974	1.9394724	1.578063	2.0601015	2.4485922	0.68596625	3.851315
chrX	16200000	16210000	chrX	16680000	16690000	0,0,0	4.888938	0.9986247	1.7563659	3.751081	4.7219033	3.2554588	1.3960215	6.5897527
chrX	11930000	11940000	chrX	13700000	13710000	0,0,0	3.1812253	0.9629923	1.683486	1.1388572	1.8559364	2.2846544	0.5652688	3.2969718
chrX	17180000	17190000	chrX	17540000	17550000	0,0,0	3.0457644	0.9928025	1.3577098	2.5370378	3.0047112	2.6793883	0.9039798	4.934533
chrX	15730000	15740000	chrX	16050000	16060000	0,0,0	2.6226254	0.9320265	1.4634756	1.0234315	1.3452355	1.7791994	0.45437008	2.6889162
chrX	5420000	5430000	chrX	6290000	6300000	0,0,0	5.0673327	0.99686503	2.138441	2.6290827	3.8925858	3.4287672	1.0969118	5.7657294
chrX	10680000	10690000	chrX	11030000	11040000	0,0,0	2.3673084	1.0	1.4565574	0.8047256	0.91911775	1.4830328	0.27146217	2.1983445
chrX	16820000	16830000	chrX	17660000	17670000	0,0,0	3.4497135	1.0	2.1704266	1.0950432	1.3651756	2.3275957	0.49016845	3.3009675
chrX	16680000	16690000	chrX	17540000	17550000	0,0,0	4.5037756	0.9995664	1.6665994	4.4386735	5.4032435	3.7986383	1.4779398	7.7441263
chrX	16960000	16970000	chrX	17630000	17640000	0,0,0	2.771931	0.95058227	1.8442347	1.0226007	1.0615462	2.09878	0.49900475	3.0077584
chrX	16050000	16060000	chrX	16680000	16690000	0,0,0	5.019857	0.99759376	1.7780346	3.58904	4.290455	2.8400695	1.1980025	6.030327
chrX	6290000	6300000	chrX	8030000	8040000	0,0,0	6.720404	0.99929947	1.9363704	4.8805923	5.639866	2.9261205	1.7171464	7.2644243
chrI	9380000	9390000	chrI	9720000	9730000	0,0,0	2.7766647	1.0	1.2743907	1.2690914	1.6061221	1.5224427	0.4884237	2.650524
chrI	11430000	11440000	chrI	13210000	13220000	0,0,0	3.106769	0.9782965	1.4772854	2.074653	2.1020026	1.9865437	0.92402613	3.8306797
chrI	12360000	12370000	chrI	13210000	13220000	0,0,0	2.2779546	0.9342591	1.6829072	0.6301906	0.7960352	2.162147	0.33415565	2.7223165
chrI	10940000	10950000	chrI	11390000	11400000	0,0,0	2.7893198	1.0	1.6335957	1.1711259	1.1968927	1.7122312	0.49951094	2.753232
chrI	6670000	6680000	chrI	8170000	8180000	0,0,0	2.5213563	0.94774246	1.7477738	0.87550974	0.9773572	2.1736462	0.35430175	2.951877
chrI	11720000	11730000	chrI	13090000	13100000	0,0,0	2.4130898	0.93712217	1.5991673	0.82586235	1.0452619	2.0327487	0.3760721	2.7668488
chrI	570000	580000	chrI	930000	940000	0,0,0	2.243921	0.9193406	1.2842623	1.1066016	1.1291684	1.5341352	0.43627426	2.517781
chrI	2340000	2350000	chrI	2540000	2550000	0,0,0	1.9598904	1.0	1.423212	0.31244493	0.66284513	1.636604	0.16313206	1.9143327
chrI	14100000	14110000	chrI	15040000	15050000	0,0,0	4.149511	1.0	2.696392	1.0219928	1.2871757	2.3778605	0.5761031	3.2862985
chrI	11260000	11270000	chrI	12350000	12360000	0,0,0	2.4455917	0.94736016	1.4041218	1.2251483	1.3467546	1.8555663	0.48592824	2.944587
chrI	2220000	2230000	chrI	2540000	2550000	0,0,0	2.2527378	1.0	1.4846175	0.6372423	0.796644	1.5269009	0.3064968	2.0933385
chrI	12400000	12410000	chrI	13110000	13120000	0,0,0	2.5166616	0.93332005	1.866149	0.6649884	0.7612624	2.1170309	0.3396413	2.7081318
chrI	11710000	11720000	chrI	12350000	12360000	0,0,0	2.2955086	0.93348604	1.5246845	0.76840687	1.0380127	2.027596	0.37123078	2.7106242
chrI	930000	940000	chrI	2240000	2250000	0,0,0	2.2416382	0.9266025	1.4610646	0.8675379	0.9874604	1.8409909	0.5642516	2.6121356
chrI	260000	270000	chrI	770000	780000	0,0,0	1.8674369	0.9049094	1.2570685	0.74670434	0.82841206	1.6894319	0.4264941	2.353169
chrI	14460000	14470000	chrI	15030000	15040000	0,0,0	4.588035	1.0	2.6123812	1.194475	1.391661	1.8942727	0.51785755	2.9560282
chrI	2240000	2250000	chrI	2800000	2810000	0,0,0	2.373648	1.0	1.5518231	0.6585844	0.7883647	1.480569	0.2616473	2.0659773
chrV	14130000	14140000	chrV	16360000	16370000	0,0,0	3.9540284	0.9890735	1.7794503	2.1736698	2.7947435	2.584881	1.1127717	4.5170317
chrV	20410000	20420000	chrV	20840000	20850000	0,0,0	3.2423794	1.0	2.2776659	0.50188506	1.0381944	2.3268452	0.2911098	2.7729652
chrV	17950000	17960000	chrV	19120000	19130000	0,0,0	3.8909638	1.0	1.9195743	1.565044	1.6952244	1.738686	0.7340888	3.1298363
chrV	20480000	20490000	chrV	20840000	20850000	0,0,0	3.018112	1.0	2.338593	0.29577804	0.7794203	2.373043	0.17975529	2.635957
chrV	1650000	1660000	chrV	2970000	2980000	0,0,0	2.4376533	0.9402254	1.6746191	0.76723236	0.99438953	2.1354828	0.33792746	2.817467
chrV	8730000	8740000	chrV	9810000	9820000	0,0,0	2.8925834	1.0	1.8959258	0.636811	0.89709187	1.6916854	0.30373964	2.2577398
chrV	7650000	7660000	chrV	8730000	8740000	0,0,0	3.76727	1.0	2.59225	0.47203487	0.80102414	1.708345	0.19324137	2.1279316
chrV	17850000	17860000	chrV	18080000	18090000	0,0,0	2.6011162	0.9344802	1.7183657	0.7287915	1.0809572	2.0778706	0.38919935	2.7256851
chrV	18980000	18990000	chrV	19120000	19130000	0,0,0	2.6368706	0.9540929	1.6491746	1.0630366	1.2719582	2.1365345	0.44483107	3.0814557
chrV	2990000	3000000	chrV	4280000	4290000	0,0,0	2.5267196	1.0	1.8821656	0.5871694	0.6887254	1.9425572	0.2637814	2.4644856
chrV	14250000	14260000	chrV	16190000	16200000	0,0,0	2.809206	0.94616336	1.8649511	0.97797024	1.045707	2.0527968	0.49494278	2.9221036
chrV	18860000	18870000	chrV	19120000	19130000	0,0,0	3.0418181	0.96431094	1.7655101	1.2555952	1.5575018	2.217172	0.49970296	3.3332565
